2015-05-29T16:03:06.6	26.673	[]	26.200	[]	39.700	[]
2015-05-29T16:13:34.652	26.673	[]	26.200	[]	39.700	[]
2015-05-29T16:42:02.244	17.88	[]	25.400	[]	41.900	[]
2015-05-29T16:43:52.019	17.825	[]	25.400	[]	41.900	[]
2015-05-29T16:43:55.182	17.825	[]	25.200	[]	41.900	[]
2015-05-29T16:43:58.333	17.825	[]	25.200	[]	43.400	[]
2015-05-29T16:45:28.047	18.71	[]	25.200	[]	43.400	[]
2015-05-29T16:45:31.154	18.71	[]	25.300	[]	43.400	[]
2015-05-29T16:45:34.302	18.71	[]	25.300	[]	45.400	[]
2015-05-29T16:45:37.494	18.71	[]	25.300	[]	45.400	[]
2015-05-29T16:45:49.012	18.71	[]	25.300	[]	45.500	[]
2015-05-29T16:46:02.655	18.71	[]	25.300	[]	45.800	[]
2015-05-29T16:46:11.045	18.317	[]	25.300	[]	45.800	[]
2015-05-29T16:46:27.786	18.317	[]	25.400	[]	45.800	[]
2015-05-29T16:46:30.943	18.317	[]	25.400	[]	45.500	[]
2015-05-29T16:46:42.441	18.317	[]	25.300	[]	45.500	[]
2015-05-29T16:46:45.587	18.317	[]	25.300	[]	45.600	[]
2015-05-29T16:46:56.06	18.317	[]	25.400	[]	45.600	[]
2015-05-29T16:46:59.193	18.317	[]	25.400	[]	45.200	[]
2015-05-29T16:47:13.847	18.317	[]	25.400	[]	44.700	[]
2015-05-29T16:47:27.439	18.317	[]	25.400	[]	44.200	[]
2015-05-29T16:47:35.807	18.563	[]	25.400	[]	44.200	[]
2015-05-29T16:47:42.087	18.563	[]	25.400	[]	43.800	[]
2015-05-29T16:47:55.699	18.563	[]	25.400	[]	43.400	[]
2015-05-29T16:48:10.349	18.563	[]	25.400	[]	43.200	[]
2015-05-29T16:48:23.959	18.563	[]	25.400	[]	43.0	[]
2015-05-29T16:48:38.636	18.563	[]	25.400	[]	42.800	[]
2015-05-29T16:48:52.277	18.563	[]	25.400	[]	42.500	[]
2015-05-29T16:49:06.956	18.563	[]	25.400	[]	42.700	[]
2015-05-29T16:49:15.337	18.808	[]	25.400	[]	42.700	[]
2015-05-29T16:49:35.244	18.808	[]	25.400	[]	42.600	[]
2015-05-29T16:49:49.9	18.808	[]	25.400	[]	42.500	[]
2015-05-29T16:50:18.201	18.808	[]	25.400	[]	42.700	[]
2015-05-29T16:50:28.668	18.808	[]	25.300	[]	42.700	[]
2015-05-29T16:50:31.809	18.808	[]	25.300	[]	42.500	[]
2015-05-29T16:50:43.346	18.808	[]	25.400	[]	42.500	[]
2015-05-29T16:50:46.5	18.808	[]	25.400	[]	42.200	[]
2015-05-29T16:51:00.108	18.808	[]	25.400	[]	41.900	[]
2015-05-29T16:51:08.467	19.54	[]	25.400	[]	41.900	[]
2015-05-29T16:51:14.75	19.54	[]	25.400	[]	41.300	[]
2015-05-29T16:51:28.364	19.54	[]	25.400	[]	41.0	[]
2015-05-29T16:51:43.003	19.54	[]	25.400	[]	40.800	[]
2015-05-29T16:51:56.633	19.54	[]	25.400	[]	40.700	[]
2015-05-29T16:52:08.155	19.54	[]	25.300	[]	40.700	[]
2015-05-29T16:52:22.815	19.54	[]	25.400	[]	40.700	[]
2015-05-29T16:52:24.93	19.54	[]	25.400	[]	40.800	[]
2015-05-29T16:52:36.475	19.54	[]	25.300	[]	40.800	[]
2015-05-29T16:52:39.628	19.54	[]	25.300	[]	40.400	[]
2015-05-29T16:52:51.162	19.54	[]	25.400	[]	40.400	[]
2015-05-29T16:52:53.264	19.54	[]	25.400	[]	40.500	[]
2015-05-29T16:53:07.944	19.54	[]	25.400	[]	41.0	[]
2015-05-29T16:53:16.307	19.300	[]	25.400	[]	41.0	[]
2015-05-29T16:53:22.59	19.300	[]	25.400	[]	41.200	[]
2015-05-29T16:53:33.071	19.300	[]	25.300	[]	41.200	[]
2015-05-29T16:53:47.75	19.300	[]	25.400	[]	41.200	[]
2015-05-29T16:53:50.891	19.300	[]	25.400	[]	41.400	[]
2015-05-29T16:54:04.509	19.300	[]	25.400	[]	41.900	[]
2015-05-29T16:54:19.192	19.300	[]	25.400	[]	41.700	[]
2015-05-29T16:54:32.813	19.300	[]	25.400	[]	42.0	[]
2015-05-29T16:54:41.209	19.546	[]	25.400	[]	42.0	[]
2015-05-29T16:54:47.491	19.546	[]	25.400	[]	42.200	[]
2015-05-29T16:55:01.089	19.546	[]	25.400	[]	42.400	[]
2015-05-29T16:55:12.597	19.546	[]	25.500	[]	42.400	[]
2015-05-29T16:55:15.749	19.546	[]	25.500	[]	43.400	[]
2015-05-29T16:55:29.378	19.546	[]	25.500	[]	43.600	[]
2015-05-29T16:55:44.023	19.546	[]	25.500	[]	43.500	[]
2015-05-29T16:55:57.625	19.546	[]	25.500	[]	43.900	[]
2015-05-29T16:56:12.282	19.546	[]	25.500	[]	44.200	[]
2015-05-29T16:56:25.893	19.546	[]	25.500	[]	44.400	[]
2015-05-29T16:56:34.279	19.791	[]	25.500	[]	44.400	[]
2015-05-29T16:56:37.429	19.791	[]	25.600	[]	44.400	[]
2015-05-29T16:56:40.579	19.791	[]	25.600	[]	44.500	[]
2015-05-29T16:56:48.984	19.546	[]	25.600	[]	44.500	[]
2015-05-29T16:57:02.578	19.791	[]	25.600	[]	44.500	[]
2015-05-29T16:57:23.544	19.791	[]	25.600	[]	44.700	[]
2015-05-29T16:57:30.887	19.546	[]	25.600	[]	44.700	[]
2015-05-29T16:57:37.166	19.546	[]	25.600	[]	44.400	[]
2015-05-29T16:57:45.535	19.791	[]	25.600	[]	44.400	[]
2015-05-29T16:57:51.822	19.791	[]	25.600	[]	44.100	[]
2015-05-29T16:58:05.459	19.791	[]	25.600	[]	43.600	[]
2015-05-29T16:58:16.969	19.791	[]	25.700	[]	43.600	[]
2015-05-29T16:58:20.117	19.791	[]	25.700	[]	43.200	[]
2015-05-29T16:58:30.598	19.791	[]	25.600	[]	43.200	[]
2015-05-29T16:58:33.746	19.791	[]	25.600	[]	42.900	[]
2015-05-29T16:58:45.27	19.791	[]	25.700	[]	42.900	[]
2015-05-29T16:58:48.42	19.791	[]	25.700	[]	42.400	[]
2015-05-29T16:58:56.794	20.37	[]	25.700	[]	42.400	[]
2015-05-29T16:58:58.9	20.37	[]	25.600	[]	42.400	[]
2015-05-29T16:59:02.043	20.37	[]	25.600	[]	42.200	[]
2015-05-29T16:59:10.432	20.283	[]	25.600	[]	42.200	[]
2015-05-29T16:59:13.581	20.283	[]	25.700	[]	42.200	[]
2015-05-29T16:59:16.711	20.283	[]	25.700	[]	41.600	[]
2015-05-29T16:59:25.078	19.791	[]	25.700	[]	41.600	[]
2015-05-29T16:59:27.183	19.791	[]	25.600	[]	41.600	[]
2015-05-29T16:59:30.325	19.791	[]	25.600	[]	41.700	[]
2015-05-29T16:59:38.714	20.283	[]	25.600	[]	41.700	[]
2015-05-29T16:59:44.997	20.283	[]	25.600	[]	41.900	[]
2015-05-29T16:59:53.367	20.37	[]	25.600	[]	41.900	[]
2015-05-29T17:00:07.003	20.283	[]	25.600	[]	41.900	[]
2015-05-29T17:00:13.302	20.283	[]	25.600	[]	42.0	[]
2015-05-29T17:00:21.676	20.37	[]	25.600	[]	42.0	[]
2015-05-29T17:00:26.941	20.37	[]	25.600	[]	41.900	[]
2015-05-29T17:00:41.598	20.37	[]	25.600	[]	41.700	[]
2015-05-29T17:00:49.978	20.283	[]	25.600	[]	41.700	[]
2015-05-29T17:00:55.219	20.283	[]	25.600	[]	41.500	[]
2015-05-29T17:01:03.606	20.37	[]	25.600	[]	41.500	[]
2015-05-29T17:01:09.897	20.37	[]	25.600	[]	41.400	[]
2015-05-29T17:01:23.551	20.37	[]	25.600	[]	41.100	[]
2015-05-29T17:01:31.928	20.283	[]	25.600	[]	41.100	[]
2015-05-29T17:01:38.223	20.283	[]	25.600	[]	41.0	[]
2015-05-29T17:01:51.831	20.283	[]	25.600	[]	40.800	[]
2015-05-29T17:02:06.517	20.283	[]	25.600	[]	40.600	[]
2015-05-29T17:02:20.141	20.283	[]	25.600	[]	40.700	[]
2015-05-29T17:02:28.534	20.529	[]	25.600	[]	40.700	[]
2015-05-29T17:02:34.812	20.529	[]	25.600	[]	40.900	[]
2015-05-29T17:02:43.191	20.283	[]	25.600	[]	40.900	[]
2015-05-29T17:02:49.474	20.283	[]	25.600	[]	40.800	[]
2015-05-29T17:03:03.082	20.283	[]	25.600	[]	40.600	[]
2015-05-29T17:03:11.482	20.529	[]	25.600	[]	40.600	[]
2015-05-29T17:03:17.776	20.529	[]	25.600	[]	40.800	[]
2015-05-29T17:03:46.037	20.529	[]	25.600	[]	40.500	[]
2015-05-29T17:03:54.415	20.774	[]	25.600	[]	40.500	[]
2015-05-29T17:03:59.669	20.774	[]	25.600	[]	40.600	[]
2015-05-29T17:04:14.339	20.774	[]	25.600	[]	40.100	[]
2015-05-29T17:04:27.973	20.774	[]	25.600	[]	39.700	[]
2015-05-29T17:04:42.621	20.774	[]	25.600	[]	39.400	[]
2015-05-29T17:04:56.23	20.774	[]	25.600	[]	39.300	[]
2015-05-29T17:05:39.195	20.774	[]	25.600	[]	39.700	[]
2015-05-29T17:05:50.707	20.774	[]	25.500	[]	39.700	[]
2015-05-29T17:05:52.816	20.774	[]	25.500	[]	40.400	[]
2015-05-29T17:06:04.345	20.774	[]	25.600	[]	40.400	[]
2015-05-29T17:06:07.494	20.774	[]	25.600	[]	40.600	[]
2015-05-29T17:06:19.007	20.774	[]	25.500	[]	40.600	[]
2015-05-29T17:06:21.117	20.774	[]	25.500	[]	40.900	[]
2015-05-29T17:06:29.499	21.20	[]	25.500	[]	40.900	[]
2015-05-29T17:06:35.781	21.20	[]	25.500	[]	41.200	[]
2015-05-29T17:06:47.313	21.20	[]	25.600	[]	41.200	[]
2015-05-29T17:06:49.416	21.20	[]	25.600	[]	41.300	[]
2015-05-29T17:07:04.104	21.20	[]	25.600	[]	41.500	[]
2015-05-29T17:07:12.503	20.774	[]	25.600	[]	41.500	[]
2015-05-29T17:07:17.742	20.774	[]	25.600	[]	42.200	[]
2015-05-29T17:07:26.108	21.20	[]	25.600	[]	42.200	[]
2015-05-29T17:07:32.419	21.20	[]	25.600	[]	42.400	[]
2015-05-29T17:07:46.047	21.20	[]	25.600	[]	42.600	[]
2015-05-29T17:08:00.724	21.20	[]	25.600	[]	42.900	[]
2015-05-29T17:08:15.384	21.20	[]	25.600	[]	43.100	[]
2015-05-29T17:08:29.027	21.20	[]	25.600	[]	43.300	[]
2015-05-29T17:08:43.695	21.20	[]	25.600	[]	43.500	[]
2015-05-29T17:08:57.324	21.20	[]	25.600	[]	43.900	[]
2015-05-29T17:09:05.742	21.266	[]	25.600	[]	43.900	[]
2015-05-29T17:09:12.024	21.266	[]	25.600	[]	44.100	[]
2015-05-29T17:09:25.651	21.266	[]	25.600	[]	44.300	[]
2015-05-29T17:09:50.767	21.266	[]	25.700	[]	44.300	[]
2015-05-29T17:09:53.926	21.266	[]	25.700	[]	44.200	[]
2015-05-29T17:10:05.457	21.266	[]	25.600	[]	44.200	[]
2015-05-29T17:10:08.61	21.266	[]	25.600	[]	44.0	[]
2015-05-29T17:10:19.14	21.266	[]	25.700	[]	44.0	[]
2015-05-29T17:10:22.3	21.266	[]	25.700	[]	43.400	[]
2015-05-29T17:10:36.997	21.266	[]	25.700	[]	43.100	[]
2015-05-29T17:10:50.611	21.266	[]	25.700	[]	42.900	[]
2015-05-29T17:11:02.123	21.266	[]	25.600	[]	42.900	[]
2015-05-29T17:11:05.273	21.266	[]	25.600	[]	42.600	[]
2015-05-29T17:11:15.752	21.266	[]	25.700	[]	42.600	[]
2015-05-29T17:11:18.888	21.266	[]	25.700	[]	42.500	[]
2015-05-29T17:11:30.411	21.266	[]	25.600	[]	42.500	[]
2015-05-29T17:11:33.573	21.266	[]	25.600	[]	42.300	[]
2015-05-29T17:11:47.185	21.266	[]	25.600	[]	42.0	[]
2015-05-29T17:12:10.22	21.512	[]	25.600	[]	42.0	[]
2015-05-29T17:12:15.479	21.512	[]	25.600	[]	42.200	[]
2015-05-29T17:12:30.139	21.512	[]	25.600	[]	42.300	[]
2015-05-29T17:12:43.791	21.512	[]	25.600	[]	42.200	[]
2015-05-29T17:12:58.45	21.512	[]	25.600	[]	42.100	[]
2015-05-29T17:13:09.974	21.512	[]	25.500	[]	42.100	[]
2015-05-29T17:13:12.072	21.512	[]	25.500	[]	42.0	[]
2015-05-29T17:13:26.733	21.512	[]	25.500	[]	41.700	[]
2015-05-29T17:13:40.331	21.512	[]	25.500	[]	41.600	[]
2015-05-29T17:13:54.986	21.512	[]	25.500	[]	41.300	[]
2015-05-29T17:14:08.685	21.512	[]	25.500	[]	41.100	[]
2015-05-29T17:14:23.38	21.512	[]	25.500	[]	40.900	[]
2015-05-29T17:14:37.017	21.512	[]	25.500	[]	40.800	[]
2015-05-29T17:14:45.399	21.757	[]	25.500	[]	40.800	[]
2015-05-29T17:14:48.549	21.757	[]	25.400	[]	40.800	[]
2015-05-29T17:15:00.087	21.512	[]	25.400	[]	40.800	[]
2015-05-29T17:15:05.331	21.512	[]	25.400	[]	40.600	[]
2015-05-29T17:15:28.341	21.757	[]	25.400	[]	40.600	[]
2015-05-29T17:15:31.498	21.757	[]	25.300	[]	40.600	[]
2015-05-29T17:15:34.647	21.757	[]	25.300	[]	40.900	[]
2015-05-29T17:15:48.26	21.757	[]	25.300	[]	41.600	[]
2015-05-29T17:16:02.913	21.757	[]	25.300	[]	42.100	[]
2015-05-29T17:16:16.534	21.757	[]	25.300	[]	42.500	[]
2015-05-29T17:16:31.206	21.757	[]	25.300	[]	42.900	[]
2015-05-29T17:16:44.841	21.757	[]	25.300	[]	43.200	[]
2015-05-29T17:16:59.502	21.757	[]	25.300	[]	43.500	[]
2015-05-29T17:17:13.086	21.757	[]	25.300	[]	43.800	[]
2015-05-29T17:17:41.374	21.757	[]	25.300	[]	43.900	[]
2015-05-29T17:17:49.766	22.3	[]	25.300	[]	43.900	[]
2015-05-29T17:17:56.067	22.3	[]	25.300	[]	44.200	[]
2015-05-29T17:18:09.685	22.3	[]	25.300	[]	44.700	[]
2015-05-29T17:18:18.082	21.757	[]	25.300	[]	44.700	[]
2015-05-29T17:18:24.357	21.757	[]	25.300	[]	45.200	[]
2015-05-29T17:18:32.758	22.3	[]	25.300	[]	45.200	[]
2015-05-29T17:18:38.004	22.3	[]	25.300	[]	45.400	[]
2015-05-29T17:18:46.386	21.757	[]	25.300	[]	45.400	[]
2015-05-29T17:18:52.676	21.757	[]	25.300	[]	45.600	[]
2015-05-29T17:19:07.335	21.757	[]	25.300	[]	45.700	[]
2015-05-29T17:19:14.659	22.3	[]	25.300	[]	45.700	[]
2015-05-29T17:19:17.821	22.3	[]	25.400	[]	45.700	[]
2015-05-29T17:19:20.971	22.3	[]	25.400	[]	46.0	[]
2015-05-29T17:19:34.591	22.3	[]	25.400	[]	46.300	[]
2015-05-29T17:20:17.583	22.3	[]	25.400	[]	46.0	[]
2015-05-29T17:20:32.247	22.3	[]	25.400	[]	45.500	[]
2015-05-29T17:20:45.877	22.3	[]	25.400	[]	45.400	[]
2015-05-29T17:21:08.913	22.249	[]	25.400	[]	45.400	[]
2015-05-29T17:21:14.161	22.249	[]	25.400	[]	45.300	[]
2015-05-29T17:21:22.545	22.3	[]	25.400	[]	45.300	[]
2015-05-29T17:21:28.847	22.3	[]	25.400	[]	45.100	[]
2015-05-29T17:21:42.475	22.3	[]	25.400	[]	45.200	[]
2015-05-29T17:21:57.132	22.3	[]	25.400	[]	45.0	[]
2015-05-29T17:22:10.76	22.3	[]	25.400	[]	44.800	[]
2015-05-29T17:22:25.439	22.3	[]	25.400	[]	44.900	[]
2015-05-29T17:22:33.839	22.249	[]	25.400	[]	44.900	[]
2015-05-29T17:22:39.087	22.249	[]	25.400	[]	44.800	[]
2015-05-29T17:22:53.746	22.249	[]	25.400	[]	44.700	[]
2015-05-29T17:23:07.369	22.249	[]	25.400	[]	44.200	[]
2015-05-29T17:23:18.926	22.249	[]	25.300	[]	44.200	[]
2015-05-29T17:23:22.085	22.249	[]	25.300	[]	43.900	[]
2015-05-29T17:23:30.464	22.495	[]	25.300	[]	43.900	[]
2015-05-29T17:23:35.707	22.495	[]	25.300	[]	43.700	[]
2015-05-29T17:23:44.087	22.249	[]	25.300	[]	43.700	[]
2015-05-29T17:23:50.392	22.249	[]	25.300	[]	43.600	[]
2015-05-29T17:24:04.029	22.249	[]	25.300	[]	43.400	[]
2015-05-29T17:24:18.708	22.249	[]	25.300	[]	43.200	[]
2015-05-29T17:24:32.315	22.249	[]	25.300	[]	43.0	[]
2015-05-29T17:24:43.859	22.249	[]	25.200	[]	43.0	[]
2015-05-29T17:25:00.645	22.249	[]	25.200	[]	42.800	[]
2015-05-29T17:25:15.311	22.249	[]	25.200	[]	42.600	[]
2015-05-29T17:25:28.941	22.249	[]	25.200	[]	42.400	[]
2015-05-29T17:25:43.603	22.249	[]	25.200	[]	42.300	[]
2015-05-29T17:25:55.149	22.249	[]	25.100	[]	42.300	[]
2015-05-29T17:25:57.249	22.249	[]	25.100	[]	42.500	[]
2015-05-29T17:26:05.651	22.495	[]	25.100	[]	42.500	[]
2015-05-29T17:26:11.955	22.495	[]	25.100	[]	42.800	[]
2015-05-29T17:26:25.591	22.495	[]	25.100	[]	43.200	[]
2015-05-29T17:26:40.261	22.495	[]	25.100	[]	43.500	[]
2015-05-29T17:26:48.649	22.249	[]	25.100	[]	43.500	[]
2015-05-29T17:26:54.945	22.249	[]	25.100	[]	43.800	[]
2015-05-29T17:27:02.289	22.495	[]	25.100	[]	43.800	[]
2015-05-29T17:27:08.587	22.495	[]	25.100	[]	44.100	[]
2015-05-29T17:27:16.977	22.249	[]	25.100	[]	44.100	[]
2015-05-29T17:27:23.269	22.249	[]	25.100	[]	44.400	[]
2015-05-29T17:27:31.663	22.495	[]	25.100	[]	44.400	[]
2015-05-29T17:27:36.925	22.495	[]	25.100	[]	44.600	[]
2015-05-29T17:27:51.592	22.495	[]	25.100	[]	44.900	[]
2015-05-29T17:28:02.094	22.495	[]	25.200	[]	44.900	[]
2015-05-29T17:28:05.243	22.495	[]	25.200	[]	45.100	[]
2015-05-29T17:28:16.79	22.495	[]	25.100	[]	45.100	[]
2015-05-29T17:28:19.942	22.495	[]	25.100	[]	45.300	[]
2015-05-29T17:28:33.551	22.495	[]	25.100	[]	45.700	[]
2015-05-29T17:28:45.061	22.495	[]	25.200	[]	45.700	[]
2015-05-29T17:28:48.209	22.495	[]	25.200	[]	45.900	[]
2015-05-29T17:29:01.81	22.495	[]	25.200	[]	46.100	[]
2015-05-29T17:29:16.482	22.495	[]	25.200	[]	46.200	[]
2015-05-29T17:29:30.122	22.495	[]	25.200	[]	46.400	[]
2015-05-29T17:29:44.797	22.495	[]	25.200	[]	46.500	[]
2015-05-29T17:29:58.409	22.495	[]	25.200	[]	46.600	[]
2015-05-29T17:30:06.822	22.740	[]	25.200	[]	46.600	[]
2015-05-29T17:30:13.132	22.740	[]	25.200	[]	46.300	[]
2015-05-29T17:30:21.514	22.495	[]	25.200	[]	46.300	[]
2015-05-29T17:30:26.766	22.495	[]	25.200	[]	46.400	[]
2015-05-29T17:30:41.44	22.495	[]	25.200	[]	46.200	[]
2015-05-29T17:30:52.97	22.495	[]	25.300	[]	46.200	[]
2015-05-29T17:30:55.059	22.495	[]	25.300	[]	45.600	[]
2015-05-29T17:31:09.733	22.495	[]	25.300	[]	45.400	[]
2015-05-29T17:31:21.255	22.495	[]	25.200	[]	45.400	[]
2015-05-29T17:31:31.737	22.740	[]	25.200	[]	45.400	[]
2015-05-29T17:31:38.044	22.740	[]	25.200	[]	45.100	[]
2015-05-29T17:31:51.669	22.740	[]	25.200	[]	44.900	[]
2015-05-29T17:32:00.058	22.495	[]	25.200	[]	44.900	[]
2015-05-29T17:32:06.353	22.495	[]	25.200	[]	44.700	[]
2015-05-29T17:32:19.977	22.495	[]	25.200	[]	44.500	[]
2015-05-29T17:32:28.359	22.740	[]	25.200	[]	44.500	[]
2015-05-29T17:32:34.643	22.740	[]	25.200	[]	44.300	[]
2015-05-29T17:32:48.254	22.740	[]	25.200	[]	44.400	[]
2015-05-29T17:33:02.928	22.740	[]	25.200	[]	44.200	[]
2015-05-29T17:33:17.606	22.740	[]	25.200	[]	44.0	[]
2015-05-29T17:33:31.241	22.740	[]	25.200	[]	43.800	[]
2015-05-29T17:33:45.904	22.740	[]	25.200	[]	43.400	[]
2015-05-29T17:33:59.515	22.740	[]	25.200	[]	43.100	[]
2015-05-29T17:34:07.892	22.986	[]	25.200	[]	43.100	[]
2015-05-29T17:34:22.553	22.740	[]	25.200	[]	43.100	[]
2015-05-29T17:34:27.797	22.740	[]	25.200	[]	43.0	[]
2015-05-29T17:34:42.476	22.740	[]	25.200	[]	42.900	[]
2015-05-29T17:34:52.941	22.740	[]	25.100	[]	42.900	[]
2015-05-29T17:34:56.101	22.740	[]	25.100	[]	42.600	[]
2015-05-29T17:35:10.765	22.740	[]	25.100	[]	42.500	[]
2015-05-29T17:35:24.404	22.740	[]	25.100	[]	42.300	[]
2015-05-29T17:35:52.699	22.740	[]	25.100	[]	42.600	[]
2015-05-29T17:36:07.371	22.740	[]	25.100	[]	43.200	[]
2015-05-29T17:36:20.997	22.740	[]	25.100	[]	43.700	[]
2015-05-29T17:36:35.657	22.740	[]	25.100	[]	43.900	[]
2015-05-29T17:36:44.033	22.986	[]	25.100	[]	43.900	[]
2015-05-29T17:36:49.293	22.986	[]	25.100	[]	44.100	[]
2015-05-29T17:37:03.978	22.986	[]	25.100	[]	44.200	[]
2015-05-29T17:37:17.616	22.986	[]	25.100	[]	44.400	[]
2015-05-29T17:37:26.013	22.740	[]	25.100	[]	44.400	[]
2015-05-29T17:37:32.323	22.740	[]	25.100	[]	44.700	[]
2015-05-29T17:37:40.731	22.986	[]	25.100	[]	44.700	[]
2015-05-29T17:37:45.971	22.986	[]	25.100	[]	44.800	[]
2015-05-29T17:38:00.639	22.986	[]	25.100	[]	44.900	[]
2015-05-29T17:38:14.279	22.986	[]	25.100	[]	45.0	[]
2015-05-29T17:38:22.673	22.740	[]	25.100	[]	45.0	[]
2015-05-29T17:38:28.971	22.740	[]	25.100	[]	45.300	[]
2015-05-29T17:38:37.371	22.986	[]	25.100	[]	45.300	[]
2015-05-29T17:38:40.521	22.986	[]	25.200	[]	45.300	[]
2015-05-29T17:38:42.624	22.986	[]	25.200	[]	45.400	[]
2015-05-29T17:38:57.319	22.986	[]	25.200	[]	45.700	[]
2015-05-29T17:39:25.595	22.986	[]	25.200	[]	45.900	[]
2015-05-29T17:39:39.199	22.986	[]	25.200	[]	46.0	[]
2015-05-29T17:39:50.722	22.986	[]	25.300	[]	46.0	[]
2015-05-29T17:40:05.417	22.986	[]	25.200	[]	46.0	[]
2015-05-29T17:40:08.565	22.986	[]	25.200	[]	45.900	[]
2015-05-29T17:40:19.072	22.986	[]	25.300	[]	45.900	[]
2015-05-29T17:40:22.232	22.986	[]	25.300	[]	46.0	[]
2015-05-29T17:40:50.534	22.986	[]	25.300	[]	45.400	[]
2015-05-29T17:40:58.926	23.232	[]	25.300	[]	45.400	[]
2015-05-29T17:41:05.223	23.232	[]	25.300	[]	45.200	[]
2015-05-29T17:41:12.56	22.986	[]	25.300	[]	45.200	[]
2015-05-29T17:41:18.865	22.986	[]	25.300	[]	45.0	[]
2015-05-29T17:41:33.52	22.986	[]	25.300	[]	44.600	[]
2015-05-29T17:41:41.897	23.232	[]	25.300	[]	44.600	[]
2015-05-29T17:41:47.141	23.232	[]	25.300	[]	44.500	[]
2015-05-29T17:42:15.463	23.232	[]	25.300	[]	43.800	[]
2015-05-29T17:42:23.87	22.986	[]	25.300	[]	43.800	[]
2015-05-29T17:42:30.184	22.986	[]	25.300	[]	43.600	[]
2015-05-29T17:42:43.821	22.986	[]	25.300	[]	43.700	[]
2015-05-29T17:42:52.23	23.232	[]	25.300	[]	43.700	[]
2015-05-29T17:42:58.515	23.232	[]	25.300	[]	43.600	[]
2015-05-29T17:43:12.126	23.232	[]	25.300	[]	43.400	[]
2015-05-29T17:43:26.799	23.232	[]	25.300	[]	43.100	[]
2015-05-29T17:43:40.415	23.232	[]	25.300	[]	42.900	[]
2015-05-29T17:43:55.094	23.232	[]	25.300	[]	42.700	[]
2015-05-29T17:44:08.727	23.232	[]	25.300	[]	42.300	[]
2015-05-29T17:44:23.406	23.232	[]	25.300	[]	42.200	[]
2015-05-29T17:44:37.069	23.232	[]	25.300	[]	42.100	[]
2015-05-29T17:45:05.369	23.232	[]	25.300	[]	42.0	[]
2015-05-29T17:45:16.928	23.232	[]	25.200	[]	42.0	[]
2015-05-29T17:45:28.463	22.986	[]	25.200	[]	42.0	[]
2015-05-29T17:45:30.556	22.986	[]	25.300	[]	42.0	[]
2015-05-29T17:45:33.696	22.986	[]	25.300	[]	41.800	[]
2015-05-29T17:45:42.071	23.232	[]	25.300	[]	41.800	[]
2015-05-29T17:45:45.226	23.232	[]	25.200	[]	41.800	[]
2015-05-29T17:45:48.383	23.232	[]	25.200	[]	41.900	[]
2015-05-29T17:45:59.917	23.232	[]	25.300	[]	41.900	[]
2015-05-29T17:46:02.02	23.232	[]	25.300	[]	42.200	[]
2015-05-29T17:46:13.574	23.232	[]	25.200	[]	42.200	[]
2015-05-29T17:46:16.737	23.232	[]	25.200	[]	42.700	[]
2015-05-29T17:46:27.235	23.232	[]	25.300	[]	42.700	[]
2015-05-29T17:46:30.401	23.232	[]	25.300	[]	43.100	[]
2015-05-29T17:46:38.756	23.478	[]	25.300	[]	43.100	[]
2015-05-29T17:46:41.906	23.478	[]	25.200	[]	43.100	[]
2015-05-29T17:46:53.426	23.232	[]	25.200	[]	43.100	[]
2015-05-29T17:46:58.665	23.232	[]	25.200	[]	43.600	[]
2015-05-29T17:47:13.349	23.232	[]	25.200	[]	43.800	[]
2015-05-29T17:47:26.957	23.232	[]	25.200	[]	44.300	[]
2015-05-29T17:47:38.48	23.232	[]	25.300	[]	44.300	[]
2015-05-29T17:47:41.621	23.232	[]	25.300	[]	44.400	[]
2015-05-29T17:47:50.006	23.478	[]	25.300	[]	44.400	[]
2015-05-29T17:47:55.268	23.478	[]	25.300	[]	44.600	[]
2015-05-29T17:48:03.671	23.232	[]	25.300	[]	44.600	[]
2015-05-29T17:48:09.966	23.232	[]	25.300	[]	44.900	[]
2015-05-29T17:48:23.6	23.232	[]	25.300	[]	45.100	[]
2015-05-29T17:48:46.629	23.478	[]	25.300	[]	45.100	[]
2015-05-29T17:48:51.875	23.478	[]	25.300	[]	45.300	[]
2015-05-29T17:49:06.544	23.478	[]	25.300	[]	45.500	[]
2015-05-29T17:49:34.85	23.478	[]	25.300	[]	45.700	[]
2015-05-29T17:49:46.394	23.478	[]	25.400	[]	45.700	[]
2015-05-29T17:49:49.54	23.478	[]	25.400	[]	45.800	[]
2015-05-29T17:50:17.851	23.478	[]	25.400	[]	45.900	[]
2015-05-29T17:50:31.471	23.478	[]	25.400	[]	45.0	[]
2015-05-29T17:50:46.126	23.478	[]	25.400	[]	44.500	[]
2015-05-29T17:50:59.758	23.478	[]	25.400	[]	44.300	[]
2015-05-29T17:51:14.442	23.478	[]	25.400	[]	44.200	[]
2015-05-29T17:51:22.84	23.232	[]	25.400	[]	44.200	[]
2015-05-29T17:51:36.487	23.969	[]	25.400	[]	44.200	[]
2015-05-29T17:51:42.783	23.969	[]	25.400	[]	44.300	[]
2015-05-29T17:51:51.162	23.478	[]	25.400	[]	44.300	[]
2015-05-29T17:51:56.405	23.478	[]	25.400	[]	43.700	[]
2015-05-29T17:52:11.107	23.478	[]	25.400	[]	43.400	[]
2015-05-29T17:52:39.433	23.478	[]	25.400	[]	43.600	[]
2015-05-29T17:52:53.064	23.478	[]	25.400	[]	43.700	[]
2015-05-29T17:53:01.454	23.723	[]	25.400	[]	43.700	[]
2015-05-29T17:53:16.146	23.478	[]	25.400	[]	43.700	[]
2015-05-29T17:53:21.407	23.478	[]	25.400	[]	43.400	[]
2015-05-29T17:53:36.078	23.478	[]	25.400	[]	43.300	[]
2015-05-29T17:53:49.735	23.478	[]	25.400	[]	42.800	[]
2015-05-29T17:54:18.023	23.478	[]	25.400	[]	42.700	[]
2015-05-29T17:54:32.685	23.478	[]	25.400	[]	42.600	[]
2015-05-29T17:54:41.087	23.723	[]	25.400	[]	42.600	[]
2015-05-29T17:54:46.344	23.723	[]	25.400	[]	42.500	[]
2015-05-29T17:54:57.894	23.723	[]	25.300	[]	42.500	[]
2015-05-29T17:55:09.425	23.478	[]	25.300	[]	42.500	[]
2015-05-29T17:55:12.578	23.478	[]	25.400	[]	42.500	[]
2015-05-29T17:55:26.181	23.478	[]	25.300	[]	42.500	[]
2015-05-29T17:55:29.326	23.478	[]	25.300	[]	42.300	[]
2015-05-29T17:55:37.712	23.723	[]	25.300	[]	42.300	[]
2015-05-29T17:55:42.972	23.723	[]	25.300	[]	42.400	[]
2015-05-29T17:55:57.645	23.723	[]	25.300	[]	42.500	[]
2015-05-29T17:56:06.028	23.478	[]	25.300	[]	42.500	[]
2015-05-29T17:56:11.28	23.478	[]	25.300	[]	42.400	[]
2015-05-29T17:56:39.622	23.478	[]	25.300	[]	42.200	[]
2015-05-29T17:56:48.026	23.723	[]	25.300	[]	42.200	[]
2015-05-29T17:57:02.699	23.478	[]	25.300	[]	42.200	[]
2015-05-29T17:57:07.939	23.478	[]	25.300	[]	42.700	[]
2015-05-29T17:57:22.591	23.478	[]	25.300	[]	43.100	[]
2015-05-29T17:57:30.996	23.723	[]	25.300	[]	43.100	[]
2015-05-29T17:57:34.148	23.723	[]	25.200	[]	43.100	[]
2015-05-29T17:57:36.251	23.723	[]	25.200	[]	43.200	[]
2015-05-29T17:57:50.937	23.723	[]	25.200	[]	43.300	[]
2015-05-29T17:57:59.328	23.478	[]	25.200	[]	43.300	[]
2015-05-29T17:58:02.493	23.478	[]	25.300	[]	43.300	[]
2015-05-29T17:58:04.617	23.478	[]	25.300	[]	43.400	[]
2015-05-29T17:58:13.036	23.723	[]	25.300	[]	43.400	[]
2015-05-29T17:58:16.202	23.723	[]	25.200	[]	43.400	[]
2015-05-29T17:58:19.368	23.723	[]	25.200	[]	43.300	[]
2015-05-29T17:58:27.752	23.478	[]	25.200	[]	43.300	[]
2015-05-29T17:58:30.909	23.478	[]	25.300	[]	43.300	[]
2015-05-29T17:58:33.021	23.478	[]	25.300	[]	43.400	[]
2015-05-29T17:58:47.692	23.478	[]	25.300	[]	44.400	[]
2015-05-29T17:58:56.061	23.723	[]	25.300	[]	44.400	[]
2015-05-29T17:59:01.315	23.723	[]	25.300	[]	44.700	[]
2015-05-29T17:59:16.014	23.723	[]	25.300	[]	45.300	[]
2015-05-29T17:59:24.417	23.478	[]	25.300	[]	45.300	[]
2015-05-29T17:59:29.67	23.478	[]	25.300	[]	45.500	[]
2015-05-29T17:59:38.065	23.723	[]	25.300	[]	45.500	[]
2015-05-29T17:59:44.36	23.723	[]	25.300	[]	45.600	[]
2015-05-29T17:59:59.034	23.723	[]	25.300	[]	45.800	[]
2015-05-29T18:00:12.662	23.723	[]	25.300	[]	46.0	[]
2015-05-29T18:00:27.333	23.723	[]	25.300	[]	46.200	[]
2015-05-29T18:00:37.84	23.723	[]	25.400	[]	46.200	[]
